Traction,Swing
3.546124488355221E7,7.092248976710442E7
6.808503944242021E7,6704877.168830239
5.474151386069047E7,2.278620948825839E7
4.046852772348431E7,1.0163334433551332E7
3.1587981479909528E7,1.3716783927613664E7
2.4660204500100266E7,9084915.69291252
2.055718577340912E7,9193289.536530327
1.751137077205857E7,8455905.872808492
1.4686750862540385E7,9048698.907516725
1.226765192238803E7,9262273.79790572
1.0468089366554474E7,8672409.631513337
9117292.162507594,8259027.067302676
8052068.688422336,8657612.757303279
7237064.9562609615,8526479.6191464
6489118.966310018,8780269.732241578
5983887.843685086,9234625.70776828
5433233.839765576,9797983.587372858
4938048.506853996,1.005802317868945E7
4733247.158919538,7925806.335444425
4159643.905587113,7246342.409392181
4030961.048854937,9875377.232307613
4244910.519478953,8409810.073467104
3566728.162574133,5328631.147350159
3334315.7173039964,6157342.271976471
3294523.956885369,8398197.067229096
3461833.668745296,6605242.866809871
2912628.551413265,4642002.159899049
2786977.276268202,5564205.498676275
2781866.048490153,6622004.802437841
2808138.7341895695,5374247.673982925
2472946.1627979144,4095747.2722542975
2369266.0253021675,4639742.682813458
2348661.364634645,5556491.909221808
2434753.533058912,4442351.661397363
2125969.295139665,3538559.474166991
2068433.6421924578,4116979.5576513787
2076161.187779122,4747259.743248065
2131490.458091887,3846545.7980442215
1865302.0161312507,3152292.349056583
1801619.0191982223,3470316.051533136
1831345.6125581942,4000911.720574765
1887896.3550353842,3419956.5156053123
1736010.4556950901,3402842.7870658077
1789704.3885379017,4052311.661864543
1818388.830879542,3536946.9604889783
1658335.0552629945,2761663.1156192105
1570878.5158569342,3162577.2081005936
1629560.8155729421,2860121.2178207943
1481773.167525398,2772345.7014600565
1516707.6423310468,3188358.379859788
1603764.8533129813,2947664.059266431
1478858.4656797736,2973897.820024914
1515707.8201367562,2685869.320421267
1385475.3937042174,2673452.2340328735
1414082.053349586,3033315.2790201977
1427024.0698612377,2666589.653967243
1297086.7949928427,2558367.9638501448
1341437.7544861587,3081377.5116510056
1414579.5764735509,2772587.7692887858
1263126.9529178748,2152448.024861579
1241404.1188679228,2399846.941748924
1289613.077724101,2863867.7345283786
1325849.058746107,2412164.190427902
1199585.3785128293,2363905.556096274
1262664.1488230235,2831568.5805327957
1303384.9225308562,2537701.4455081047
1176559.6415511526,1949005.2846885417
1142957.2266227345,2177166.687486928
1197384.065144649,2614227.0025551333
1201116.386982639,2177462.0742405145
1114197.451650322,2138486.6003301595
1137901.0422429948,2584656.8797242977
1170253.3638345527,2198253.875079025
1041442.6797814642,1703944.7056418355
1028574.362153416,1906822.6764084215
1071619.6790051193,2333007.4173230208
1086448.4638867178,1919866.7426219818
947645.0699408934,1773318.0137799014
994303.0736942346,2238315.4818789167
1060004.3572661164,1991493.6038908134
929389.2544056156,1489743.742732143
913230.5164367716,1694457.6303807767
945984.7607939485,2066175.281936566
994638.6821158986,1693041.0085195694
899475.9399490292,1672528.3309995898
939347.4549191174,2053792.284265523
971121.0031545602,1774254.5293135324
878490.1589660643,1672234.1584312317
935577.5739851358,2109921.59628382
986551.4049038652,1845925.9157946163
864612.3543446177,1347290.482928779
840526.2680295113,1587369.8208229844
870039.0539465249,1927953.5998204427
907051.4978155561,1512337.9286008035
804643.5957391246,1478612.9721084856
830803.593706712,1879607.1543244505
876354.2641799265,1611710.3521225203
771100.209514603,1199652.4301404902
772333.1882553851,1432232.5467515832
829430.9409537864,1825121.3692861248
862128.7800726743,1471281.2403712599
767080.7265376319,1390707.0393477539
797064.9445075848,1750053.138635331
837140.1621048199,1495183.7376894522
741207.6106290646,1409574.4936088198
767946.7728460286,1739158.904953449
817163.0775414844,1498647.594167989
729176.7706681744,1132767.4307206364
709535.7459985736,1348809.5824202688
745828.5202871098,1595271.444382717
773780.9695921311,1303365.4613617535
697968.5329766356,1287412.4025953757
724481.463090333,1598786.9574875655
759013.9694468683,1368263.5738796853
683331.4838899212,1303137.7201421463
710882.9101277189,1612480.596288755
770016.9797406931,1429588.4819049088
692174.6620006511,1098008.1383124448
668594.1063290446,1261056.4564379905
709867.1425238487,1502178.0407453543
726672.8393134138,1259799.6689248825
661091.7428759024,1241755.7583583589
700314.406860378,1568382.977852297
744942.8724674545,1295286.8826556914
646866.2473733221,979856.0453380217
629460.6673483213,1201349.1360610854
652891.7745142763,1371929.446225321
667332.4621606255,1076340.6086823961
613102.2448263953,1085935.491696322
636632.5908603091,1364887.0694007375
677594.0997479035,1172079.9465468905
610596.4276143946,1157946.579457716
638613.4077597031,1449478.1087869077
679322.1810663936,1239065.6892496569
604334.342817827,939553.4591268485
595861.1433991014,1091669.0424583198
618761.7789239961,1300932.6117706655
652953.3629960114,1046136.4310695443
588401.3766587328,1094813.0456141017
600848.171007936,1323884.6955022847
637324.8861144263,1067901.1911627415
568235.5759764949,1047862.8415769998
606422.6696949422,1328039.964644177
647049.094056053,1146037.7825739372
574941.6429684558,1112056.562884876
595429.5975645776,1383182.0309582138
632712.1964655543,1155613.2600439535
558531.4868703699,905180.6404592221
548850.5888693767,1071134.6586547738
576846.0522767599,1242082.5639148927
608991.0729438373,1007238.5342130547
547482.1244717368,1031852.5673865739
572535.4127067417,1281510.3822178869
603434.3629876561,1073182.1665418432
543088.9192248406,826341.9758327571
528270.8825028262,1009122.480185934
547055.0689455906,1137650.378454356
563166.4887942717,932594.7762193838
519884.6391579177,976890.3899410893
543222.8601574344,1185199.7377456208
579085.6485709284,987408.7294400353
519116.7487183256,973321.3661462354
538561.6459002126,1191559.1166575958
573126.0952815835,1009204.8203492933
521512.8508948884,1017241.4139837489
540068.2412834627,1241775.9662331853
570738.9286227002,1036822.2773509976
507582.26727256394,818053.9920512238
498140.85648671526,978616.9046111868
519846.4779715347,1121907.5790865598
544203.649839798,915861.3528955281
494513.4636532862,934810.8473447857
501324.9813233748,1143247.918229157
548786.9106639777,927779.4977813255
488507.68273248186,792044.4605701158
480291.7413095011,937842.074766505
489383.83433557086,999781.5561673858
509375.69973292924,831378.1970035097
470475.1273366689,908526.690134164
482781.94444564707,1056741.78789873
520602.1468654143,857902.2937724432
468832.7876230788,905157.3930647202
479626.2606649838,1117728.5308847271
527606.4444830897,871461.085252987
466868.84866783547,755123.7810215376
469005.90496614634,892860.7395672906
482032.0309658216,996547.7142633869
504749.5491157704,828733.6031807206
460301.3095267775,863523.5405822549
474542.52643439744,993438.1401728432
504660.67064463906,826854.6712887627
462426.18022328673,880578.128175217
475727.5097509197,1078456.6083054983
517140.77838569996,866800.0438830861
470812.48771964124,733581.690526795
456858.7588358127,887001.9992675931
467793.4042234041,947023.3042954331
477722.28980529855,762083.2810027424
441140.06896298873,804562.6449060158
451257.2800132513,959807.0108621871
492144.2433329256,792022.3856135498
441615.54546814354,863758.2697761488
461171.2205107313,1012914.4947182699
501388.2716033394,822072.9894663165
444329.1245530051,852767.8396089065
448758.536711296,1031525.1210023741
496656.21309274336,847261.5810629706
440784.7014581802,731851.6822196288
438356.0801137052,821684.3919581423
445907.48267317575,924964.3635616091
477389.4367311509,760118.0909608699
434750.73720827996,815548.2089280392
448295.5247903465,974203.3805659421
476171.0999655113,799193.6703563423
425904.6216357547,821652.3093567577
454971.07286476286,1016703.1059933316
485387.69691891776,882162.8520810453
431457.5030024463,872974.1008976415
457969.07101111655,770455.5854326419
420150.48727855395,823515.2318040964
433336.40932917385,959798.4773539992
462973.1748848175,773313.6278466244
416501.409216972,797578.1421825938
432268.25989696267,974305.114274771
465803.39184531727,821225.5637843219
422164.06044627854,692223.5986707998
409583.25927928806,812004.2133838331
419361.8699836998,867455.5520816512
429914.05634018284,704588.2586132612
397485.104625074,759729.2496826262
414318.2904623069,902642.5362446228
441641.544235149,763858.4918940068
397794.03467232914,817526.0757624549
431446.4250898531,730358.7181870523
395843.8671182484,757337.7554072732
402924.75119919475,882564.7641860268
436011.40006457485,725536.2502596388
394947.10785345343,781153.3525510114
409237.2177768464,948219.4692612791
440719.69287725963,780684.5103153088
401350.1779603589,643425.7213723188
391098.09444630647,783020.051479434
433741.2912732602,660780.5603916635
389953.21096301684,700572.8127757008
393338.6867051613,788103.2481244642
418822.6178671744,640606.69070302
379203.46678544744,710621.5462038582
389070.52609555534,791188.5791237166
408876.7128019219,652339.5603795728
379036.88527802087,708891.8751067538
392985.5033723424,828504.6044435784
423539.90338398685,675813.2512257908
381642.90502841945,726875.9097076807
397523.43649969075,846929.7032956934
426775.56965306087,715573.5891850804
391014.1709893609,778849.0895110358
399660.0157106352,900514.2417444314
424631.7057472933,721494.6625020616
380469.84452959127,664507.3721154598
380496.0285984427,729775.7513081206
384761.6600834201,778522.1795078255
408373.4254124492,676848.117336208
372658.5186526431,761882.1913632423
415620.83173611475,630937.4878805641
371660.71595465473,737591.7049242464
381818.8120056805,826866.8564367108
404327.0158057872,642818.1802177028
367748.0825198737,673456.7111359603
373536.5725789765,810146.2011136321
406733.94538065256,665817.008729608
364910.86344921315,730672.6890343629
401105.4399123475,647913.0605191083
362939.5120626391,705141.4373068325
371199.7926529104,778651.4056796272
395291.1018990843,647629.0872230798
363034.43012737227,709995.6032488457
370703.81162690505,805771.8368036333
388984.414663284,687501.8260699456
355273.1687691316,736841.8812637775
396194.563403518,670940.9596594913
363095.7365216861,722441.4521518087
371400.765420346,793808.099746396
394763.5890097223,649093.9454984312
359297.2009579308,710874.598375545
367893.68211245636,799662.1578623779
398483.05351799907,655368.836156645
358083.09824158344,751421.9399434912
396535.61223399156,674568.8057133689
358233.2163365634,712773.7519700921
368884.90874985995,794505.8050787346
381507.6990879364,680395.3318852971
347143.8326101631,725579.6147904948
383584.81344567146,634864.7110823982
353428.1817205832,685661.5950262126
358069.0726573822,783083.8397698436
385013.1193505025,644823.6415510629
349353.02661776415,705023.9828142811
382259.0759801465,635274.2188272293
342531.59808510856,680124.9205932181
352533.96355786145,726127.9884503805
378610.7561556925,604905.8396360255
343573.32245944324,717857.9542359104
380724.5889071777,601677.8688653834
341021.3443412504,644916.7979451111
347373.4545153915,732033.8496629711
385536.62288773427,585895.6623837996
344440.95150875323,676552.8087118594
359248.1928655412,727101.2106861295
369516.7786074691,627347.7363925697
335292.21904067637,709968.6749990155
390435.36320711195,565403.2335537695
335104.2486453254,668566.7356115031
356789.0868325116,708026.5797948652
346561.40968595346,783927.1399888152
377829.84761432844,667515.2802808483
348297.58519199793,584284.6592390224
338953.2909144807,656617.9516938374
350736.8631744266,730387.7604652893
371266.4182956692,607863.4478013334
336316.7810633817,673581.3427122061
361163.5480133775,612765.6071806459
328858.2493374654,648494.2920491544
337973.81051810633,665166.0352132932
334782.1271581691,719196.7856143294
366939.5735022611,634064.1489787298
332569.5151608984,704070.1557647554
373160.7857605377,598192.7527994317
332145.9130159273,708904.894913513
368882.34971714637,602808.0412975923
326730.6027448621,632046.7535498118
336954.92390481307,709529.2597934301
360147.4808623419,611829.5647312356
324349.34722365654,670864.6003212451
363545.92815630947,564997.3213765969
318339.84875445056,659009.9693813322
362293.4989907255,550761.6686240738
322056.65532647265,609069.3061876612
332068.72994863754,645332.4960835862
329791.8854906407,686921.0291280898
354070.52037896373,605855.8845558913
319219.6466863788,682666.1346504597
360306.3971767026,554516.4615842843
323396.0686645544,625851.7302599738
336874.5195375918,705343.9295777716
357798.94999960205,601971.6413554258
322134.4374154086,680264.7896167616
357791.4813074748,570298.9594777884
324265.1978300076,621690.2412099829
332227.64766632544,708886.714932168
343305.84163582785,606664.4847617825
316197.4704947963,629962.0232175657
319493.0373846899,702532.5579310165
345329.19636199763,593085.2018510223
307210.7809502039,658562.8610266545
340703.5342373662,567267.7163691187
313625.69792670733,619620.5962769839
328305.8467793174,667804.01567002
346180.3194426499,555104.2558308513
322256.17551157373,641243.479647662
329127.5965252977,710669.6087623311
348701.1924485637,546527.3928078895
314881.5284592394,640228.6275938917
349684.5782205147,592319.8536922578
314703.17987987073,630256.7261910636
352600.27281946613,534084.874238459
311433.69274686876,599049.8587954432
318801.2004896789,618058.8416290779
317793.51097866736,679275.8654172701
349309.4918750211,589263.7938577135
313447.26553379314,643556.152708962
350965.8372088082,533628.332539194
312091.3480669479,638055.4255606318
343856.0322823037,577979.0798113821
307898.9626263694,625573.9308231421
334596.7376623911,528935.0858220907
300321.4974880192,583399.1948262403
313926.34768862865,616611.8195926256
318470.7879031901,645987.6587864186
340554.054107649,555145.5378230755
310468.0837124236,630491.9839796355
353413.62822395226,545347.0959033488
309218.4038121419,622270.7488196986
356056.8480961859,483117.48929511104
307668.6127462336,587406.1487640024
324017.3564478274,616070.3779625157
319990.03694065026,660231.0528089543
345501.843442792,554802.1992600474
308391.7720764658,648264.1615677942
350123.7877991127,572291.2369541264
300640.7580463447,642447.6701503563
348353.1313807535,526846.0464215555
310193.635386116,605711.9359207369
326542.0760075847,613740.3964240676
308824.2646704045,696997.2736992538
339900.0531388592,570893.0194210934
313988.7777206731,530036.809191153
304304.8484894132,600348.8994354862
307587.78155608353,620119.7667393053
329345.25384277664,514382.69795154163
307258.52613003185,618120.7688928632
350245.3370860437,495260.502051289
296487.2141635155,572011.2907845972
323950.2399521692,583715.4222397779
306905.47911812604,711092.6142420607
355168.28137153515,522639.81179625343
306438.5297466507,534843.7130594747
317428.47090387833,588969.2382794402
310347.95285828406,631419.9279293498
333028.2406698334,512761.04719410883
301566.3566924344,594327.2857982165
315400.98997405375,649472.8249540905
323742.1586588925,558718.2950609366
301632.34618123283,579474.8998873892
320729.2232659158,659095.0817457348
336818.0417384354,577523.8402734508
299688.53547398356,651045.1867651747
352046.22397498915,515435.1714868644
306525.79614236736,619701.4412238125
337894.54851396906,514849.0373815783
301138.3582663187,607856.9978417227
346137.12099888735,502395.83405609446
301959.3642047215,565249.629500919
308609.8809366977,606564.2952013506
309707.7562228343,635002.897064451
318870.0790403743,563152.6761059158
300646.0847715267,604725.7635434372
331431.8228070606,496199.9072165661
295728.2934740337,575762.1715500104
319011.6572679706,605736.0323184107
299543.3015493456,680952.252211205
337011.6838341277,553681.5896566388
300974.0524981174,544130.5951518372
297830.37636926374,581126.4310802536
293364.8370087603,633506.3255225285
323231.6407631624,514900.76183462073
290514.4288058089,575409.4520226163
300539.8406368994,624221.8187662826
316967.14817931823,538200.4692633621
287858.2361296361,620253.0156533752
336881.1474708433,505475.96569692413
295046.5836039528,598325.7140399655
333633.37295550946,494994.8623078772
284678.33957004343,585648.8120463166
336810.2254203373,460388.7188419526
291432.05269569246,564779.0392696409
311328.1013107714,531356.5702776931
294704.31942013075,614864.9290544128
324184.24889217626,518835.4595766299
290235.69871231593,585802.4210973658
326893.7965552525,505495.65145410853
300212.2412923021,563355.3974403002
307950.0355888871,589683.8626375231
296198.2636814528,609878.2747727386
316686.88140309975,530355.0846362371
289652.7332193826,616132.6318752974
338369.51078003255,479493.7173191901
284459.1067483543,598361.9848794807
337394.3207411665,450035.9174976286
280047.86227199534,577298.0977755946
324481.0432502792,442267.6508605795
282485.67072022444,497578.7794275454
299279.8401469039,557236.1032267497
291853.3896427729,622671.3879382055
318854.4466775526,475227.2828201993
282271.44976783264,560001.5474454443
288580.66055286507,611272.5117837446
313971.21038620675,493394.1726414654
287414.17297143815,586748.2955232478
311773.630633293,521785.6346082799
282928.0016450268,550287.5415310854
295039.74445173424,600177.5833024356
315292.032761144,497715.9045908739
291077.76974613045,581841.4703662305
302794.37897717144,628040.321014567
320037.832998135,511526.644270184
291749.5099524021,567682.4096706634
298190.13890926854,631743.954410841
322800.0056005473,512136.24610970553
287526.4292333104,588996.8608176348
318665.77365814865,511945.2872905155
281596.9995262554,587755.027510898
312263.1265320665,495678.36066592176
286351.0153477055,542136.6756825206
291884.846643559,604969.783165929
301341.0751796526,531216.4977793016
283825.1233962129,539369.8787932597
294287.33184199204,575642.5454844557
292024.86845307396,668568.1939019283
321461.75411140954,559873.1476233389
288648.2023365022,508950.50515477144
287407.6479017041,548397.5282535045
288275.5703546214,619282.7319350498
315249.7453492818,505090.04586487584
286198.5092990136,573904.980677528
315126.63642623794,512510.07179663016
289829.21383756085,556755.6432948473
289730.5237331553,591712.3348286593
310683.07142894546,490384.83328847896
280822.28342846927,567127.3021758172
316636.01375677006,467065.96024348744
278075.38780105265,545138.8700746499
295949.7535517474,564964.1030883593
291238.5341405102,653921.9754490497
317685.9356329763,551250.3513356011
291302.05237335333,509000.00499194575
290487.826479316,529168.1923799856
293302.80450524157,604032.9832349191
320692.4901547601,492869.0424861894
277064.0004447594,555838.227924353
305241.76859005215,470283.83495285385
276856.2348739921,530874.8512348419
285520.31312122743,558454.7872009884
282357.3970149448,586541.5025657978
303939.9517856024,536891.7808194908
273327.8014350197,615492.4975411963
324090.8209938637,446577.6390893789
277329.731305402,511865.7190584662
289363.42145380157,480952.1556431086
273118.0750274136,547643.1747971466
311381.55853796366,443179.70540257526
271282.8886961985,536510.1928707344
289281.3362049832,526629.8645385752
277393.4040147171,578709.2661974343
318287.2762219403,520952.6823908232
275156.2203357743,636705.6573445172
321974.20476640994,454489.12542217184
277713.15886023187,493202.7175912281
281887.2899856631,548497.5656988842
278375.8790750277,549684.7702451235
275668.98060596164,564954.0736131057
295445.2562003386,483527.2742594862
271231.91078172944,537348.8576969446
292642.0533037256,545486.3936361057
286326.882490556,617052.2615938433
313474.75508770236,545211.6781537859
275093.2035656814,606387.9268272093
311519.0178436978,493134.89478024846
272651.0127291525,594159.9158773718
305417.2906706141,504754.93321855296
273822.9742760231,537733.3658172027
282235.71555216424,581417.8446540866
302047.64913028205,501423.51450535416
281582.20145389606,599140.8565073059
315857.6191586241,506517.6570427418
270930.5228929772,537093.9472653432
282537.1659338718,570185.2834723082
290463.4390809151,547775.5434948844
271421.65909835673,562140.4421813014
304371.079255639,486998.38610352273
274419.23419363773,586277.9035429279
316651.0646206374,456430.9064391033
269102.62600182416,543736.0580295525
302071.5784361332,475535.0404355009
265909.03221651155,525322.7557096893
286073.5480819752,497814.8645545754
266594.52616733476,582898.1623568076
309367.4659988111,451840.1697653852
271477.6993143361,544936.3450896989
307109.23916924896,469327.9820923888
271025.7633856231,530288.2557238698
284282.1872399524,541804.1632251748
269625.68745270645,597895.5934180168
311540.70625047246,484040.28962895833
284829.23063877877,526618.4621798664
295893.01195601636,615323.8954083304
310943.52862895373,554513.297178685
276675.353696335,568682.2681906001
299483.3741019804,480515.8628139716
271540.11284649285,563688.8609408699
306300.5828769896,508409.21530042525
286997.8198821476,520990.19628835586
284124.26106192346,609419.8435503759
311649.82974754245,523040.5347898919
276218.4019852831,554716.0529974059
299113.9570515647,483280.87205108657
275656.3863680066,531894.4457941345
283500.33427172503,568378.3213178676
301484.19713117747,519636.8688388173
274418.82984989963,592064.4306592382
325860.9310747671,414364.58282639866
275915.9728944892,521048.74628555856
285838.28524732386,587617.7058374484
309269.37124796264,503111.40403107414
279141.7798446467,565653.2265257554
306162.3220616148,461356.76739186427
270979.1654872545,535086.5419087991
293830.0754303254,545364.4126775308
278972.68911225954,603581.5249482219
324804.33954362373,478411.33652111015
276750.10305693484,608692.7995936612
317008.6451365677,499792.04905134137
280001.86839895265,519811.5472680447
292914.46115553245,541218.9127996854
286284.9809376083,656521.3220621047
334120.8951812909,529133.5912249422
284684.2110865068,578830.5870668462
315419.275304122,418367.33003827813
281262.01922017185,463641.23393845255
272387.0528051676,550949.6466101118
309177.8799565778,426023.4266798363
282097.61761218624,495033.00213014666
276811.56235339673,555196.6543094476
309892.05535296863,433023.0653114721
262252.46938283136,542115.1163817066
301154.0951379347,401994.96966543817
268041.6076410976,485062.88841632433
285755.7144846771,509216.5974675835
275571.2336496544,556475.0741981874
304794.51628245506,449865.3845220942
269204.35647249565,533833.8591617836
289974.22657114395,561347.3786136227
272635.0949106718,635477.4711491994
312290.8902478664,468737.1190713329
273577.18031384563,506857.56069698837
283200.9426084171,491481.75882345054
272845.3942714254,549660.3888720919
303050.3501355463,468591.89046559396
267122.09101713804,547037.8969768967
302787.0317324105,479580.4569667507
270385.013098731,556293.0037653381
298694.27138751163,439844.41904928506
277110.07526700036,474728.37480413326
281302.04202044435,545161.7208519309
280900.78247261705,578355.5073104044
295775.29669105855,469066.53903189354
268399.294004309,559360.4499574328
303626.5516683256,481750.1655005575
277507.6771719396,492966.68325954187
277949.3176488289,574461.0926997166
303799.2842464702,468086.65096822643
270882.84522437095,532992.982592684
276842.9133346847,591257.2263121291
290250.8247927163,499124.87344601075
266554.856218711,537880.5486943632
299654.0213593168,470314.23830454604
267132.1568921904,548499.9980541131
305072.1868790089,445997.6503360517
272688.72118304035,538179.6383574613
273339.28446780995,537466.2689751176
271047.9696921241,534492.327196971
276778.43207040353,580770.6647054756
297263.96648842446,527765.9241107826
269676.06039088004,599902.1381303353
315490.51130920905,454975.59657737025
273230.882539473,562003.7161724468
305801.44634032313,512421.761679623
272954.2838899563,553466.5922617988
294379.77953383117,481626.6071040276
261210.82761526835,533420.6390436138
289711.2866060234,405756.92205572035
259973.20097889268,488616.8908577069
271248.67831110884,488259.82055515837
270050.4200377391,558461.7138147809
294704.95238820877,482491.52935719554
260738.11513960603,530304.6978497007
292975.0749163096,465874.6835574891
264981.00193950837,548268.8893350512
313188.97846381715,413851.29196981876
257517.96247941547,515441.4267554245
285859.9181272745,455754.41494090384
263688.1557497124,516384.40648763947
273605.2714460324,475013.9266176587
260647.31899873508,531214.375059834
288532.70820382005,475814.13017931866
260313.76717163864,565848.5764450599
295970.06530183903,475096.18283385516
265855.0808691962,484907.9337386289
270154.3569511887,521737.5960553145
272077.8398934288,560200.4743357366
293065.26488243614,511629.1048030224
271616.63632565876,593723.7921311808
326604.0119711836,421610.4170305421
265241.9806962827,547299.1843126995
309193.7695548581,434458.2873452052
268147.75145975954,536810.1356031761
306895.37200979405,434863.03736204066
269267.1116800071,506334.2066754558
283681.63358446525,499349.8075533721
276262.3427024825,548402.7074132535
280317.17893611273,571573.1019236215
297704.9686789064,507011.7218985089
274306.4334505572,571571.5333324826
308666.9386182254,470761.88888039393
279476.36022396473,527370.58165092
285048.1336746228,595427.3645004389
309950.0529515334,529260.6532372177
275431.8173237692,569281.9059161018
302932.62670009275,468738.0423895335
274423.9501928269,539909.9372686011
295925.6050392005,526730.6490163157
271228.2670304875,603294.7261610631
305168.6738561343,508858.48522705835
274919.9556953967,581055.0935178419
301842.93926453526,490584.9229061479
269428.86660101847,539511.786774727
298164.3850186848,478439.8602147318
268817.02647498564,542436.9118034191
301506.7530455494,447371.8699389592
273245.17966322915,526310.6206028957
278990.27923974436,553239.0193537108
279724.8671587078,527125.7349848117
279180.8565517404,609429.1616589174
312513.86841338716,512929.4699061089
269342.15404661204,563373.1318757306
297816.64298986853,482813.91732705187
271131.46144287975,575045.8334199905
305810.7716725334,465947.6352101595
265335.89967714157,521784.2640212295
285377.21914079075,562744.7815077917
275418.439985522,637681.0947501254
318372.98322703893,500711.4685043763
279191.2208919715,534993.4765904482
289941.1197456642,530770.8839977194
268075.0876228025,601273.0671057944
300401.7235194338,468752.513171352
272716.93764159,506836.72394129855
272398.35032858886,538399.5144968148
269300.1569719299,525100.4491643856
264104.756605236,577557.864860427
303293.38275455596,504560.3473220262
265618.55533815693,621535.4946535742
313683.727695745,462702.8851221667
274009.7042830698,511413.58739319775
285663.60877250467,495981.8679107536
265624.05343510344,551464.3921886265
307979.6853135982,419650.7737474152
271852.526657455,504522.1771176699
292851.9677081442,495370.6033900355
268226.7281492826,587484.5959037556
305618.90102333715,489483.7232533106
266887.24951402866,530773.2025243527
273974.95674307755,531127.104389063
272460.9480064883,605762.1307125934
293185.6967455295,560068.9727131674
270749.1008057599,548420.4095946639
296921.2110217463,507992.94204609125
266334.28051767056,634273.6353827962
327957.81646235375,424202.84994806215
263299.8728931902,540688.9653307567
313185.6798352165,381989.6075051885
265568.8509220742,478832.30809180695
282381.4330962431,483770.5325693573
267385.1695944661,542669.1320356661
302343.03241821664,429489.8467861107
270386.0768414167,518996.67037182074
275110.6527706736,557639.7199113584
293417.12591199955,461320.82842917176
269714.8512958631,511628.5188859107
280253.7994686983,534643.7725120569
269916.8208099531,580691.5665685826
302705.22072917654,461170.756802165
267727.03750470176,557991.5888979847
309396.77115022304,469570.50130178104
264785.8429108766,568372.9158516056
292263.37199817924,463681.757917522
258729.35270916586,535038.7169487643
296926.462101848,447723.794655325
257151.30982225426,524336.9757056605
298419.0822628838,417592.35276924726
261485.63503212255,499812.4905710946
272533.5046680038,487466.903257476
266812.83131023136,564642.8936302251
308808.8842679071,435426.6205467159
265291.99853044143,514858.3491238103
283477.00815501664,519926.9499200598
266945.4654996926,611635.1043538308
304231.075188085,466231.8757606388
278334.1080334981,454536.8651504195
276705.6207245667,507332.24578021426
281095.69963890576,532355.1801083128
270937.97800066764,569814.8029462639
288637.08472511376,492334.1921502823
265380.71206102154,542503.319638138
293507.7431728173,499638.89555010456
257074.4034308989,567394.5509863837
280813.5212692048,478404.2513387771
257223.61081295184,516258.8112744612
291298.98622672906,423889.1624788043
257906.82456593617,513847.16171421384
276306.5385953217,488749.5656634702
270182.0893122671,566116.7746888214
304198.11489619117,495355.21262978035
273070.4514922898,533172.559103743
268110.7804300443,581936.2350058472
289161.3012390228,499633.6347901816
259329.49217257035,560528.1666699537
294099.28903199267,467779.3003306098
255523.1096822421,549369.9868058322
296283.4858030485,418689.7570465326
261275.89950545976,507243.9294749336
267260.00814000214,546212.3647379263
288796.2252518483,433641.89302193874
259081.65632592092,518660.7212942839
293813.3962749653,466838.01267729094
256520.00783834164,559924.3087461976
284278.28854573134,457290.9074554038
259476.7692145472,480093.36089073366
261088.61589782644,507809.86819324153
266936.64920473046,512058.1421462214
261352.1461196108,567444.4193463085
293787.4644594633,443530.0236526143
263118.2206352617,547138.763377971
302667.2243779488,479683.1352427253
254954.14364659044,543193.2465293123
293711.9550413329,449908.6205104659
265912.0038745089,512430.69544399803
263061.35214974167,545616.1072024717
283741.8902592883,451876.9362038902
266193.2551990038,495932.1482591572
279348.7435851003,537860.7238525297
284280.4308841709,567589.3746366886
277553.72450401535,643050.5705838912
307105.82772823435,512756.8823994872
273522.5480462446,502840.7248858897
269319.21089448023,562950.9648236642
291108.7084640078,490894.68055481307
254499.7835570527,542378.0924494979
288283.2102781197,424911.6608980715
260717.27259872924,478797.90129494725
278606.3081520327,552668.8587711611
274676.75434214325,606483.365466822
296083.70382518764,497558.93949666887
265789.678925859,554946.2706550772
294503.7459137708,483103.189960765
268496.4513840319,553826.152790787
311595.95585519157,397965.79304091824
264496.6440373989,541179.1001152686
312042.4566206111,441190.61070495064
265488.8556618797,545391.1904589377
293492.00231774565,471335.22208130936
264883.49939572834,461579.52175522334
275553.701263097,500952.6749526987
264331.57175894524,576575.3617239227
302819.80333768396,431916.19919374
255821.12404178307,529102.6681572312
280050.04118312127,471046.80877341906
258080.36901798507,508232.4588779177
272013.81343722926,492649.8033445475
260780.30895946658,549610.4778938112
301087.2704944539,493786.0814031699
267084.916926201,570210.337192365
302439.4570089344,419008.348947816
258528.0658782811,517304.6115787791
294807.7815972237,425166.7893658265
253158.64765011403,529343.5677669286
286533.0359193001,447487.9197043297
261223.66207934803,515357.3523045065
278076.9038917972,489363.0383562566
266222.72328606783,536523.2473690975
301114.8669574648,449640.53025399294
262510.12711553334,527362.0065690874
293398.39044842956,428592.4925170101
260495.3208007918,515674.86439725105
269278.075016877,545968.7188431171
278712.30238481174,461287.8738311122
258012.0616171452,504262.1801877743
266867.08386031096,490787.2783886326
271716.07885310304,580182.4323926138
306854.7307843444,486936.7582228518
262460.38872576103,546159.7447538675
301849.4941189378,467206.7886901901
263777.9026478759,544133.8084783042
285831.19817228516,453839.9678651474
261710.52727586628,504179.0871302713
274296.2754000884,556083.9377793408
295528.0832285651,472960.38187941414
268254.99785778933,563101.2952999086
288881.9924019422,507564.6903862335
266486.7697771152,507002.0943661472
266830.2056314401,517741.73855064303
269499.8199486026,544120.1076110837
288282.26902061224,487842.5401440815
272541.07299253566,543825.1801417578
290825.2328501129,577878.9635815561
278946.25336388405,613399.274570466
303047.21754683455,521459.0045988795
259837.52543501148,622778.5155995052
296099.122149342,537885.4398517482
267272.2015461865,517186.7934636671
269133.37989543175,519381.07590120676
275430.2303047269,524027.5105245776
279288.81111099944,585650.4069381626
309646.5492209227,499448.13184528035
273592.2530283387,589824.5483798466
321469.72424116824,477298.20176484453
271942.02976375824,583242.1005136017
313408.84777224937,474413.7227181655
266801.356327136,557816.0189044274
302383.85123795853,452040.5772265559
261268.5678625462,519324.4287047762
276437.3157098488,540411.1910371073
274546.02324171836,575162.52131982
304296.47923310543,469682.18029897823
264178.96056025056,578505.4105959476
314916.15502910316,449197.1331120531
261083.10700446027,554250.1132626375
292821.4013306358,458634.60114271333
255540.58702939548,538636.5673756987
287780.8362896376,454179.53834610543
254972.9930172528,503616.6003250501
270451.0099522366,504400.5107837482
275353.1048679998,534873.4201424739
281781.0755486012,595632.2450573718
311052.9890699239,525340.9900163877
276496.3462780296,586444.9749764026
313338.8929463054,447530.4447529789
276221.62062600075,530677.9795806996
280591.00782940397,578696.4260070273
300127.2975486425,470521.5736174803
275499.83731242095,552739.0303360352
313952.13935856044,477647.03783433785
268072.5214193745,569601.3307676144
292048.1035421752,487951.10442564276
269596.2322684294,496668.4734477885
271540.77573008154,539813.6238535863
266872.84154869296,585518.7562606256
292260.1399784142,493919.4317062702
260240.75811085713,583066.5127788011
312707.10331166355,462379.29467698914
267934.8373863523,514525.50708502094
284700.00429434126,454756.48017043003
260618.3136702279,555352.6402164816
289231.80254976405,511847.955466384
268927.0667094561,496600.7576260787
258629.83911944277,564235.4436211345
299708.57995454135,444213.09358887264
265116.2763620395,555033.8858664146
316957.7502511086,396897.4721610986
257144.03524262298,531194.3528440541
301774.62032334524,391453.3803504772
259222.21827746296,498193.2371274506
267201.75114964007,522981.4618647598
265598.71812497085,532211.8832684599
281568.5843540431,469944.6855009485
263297.77174887655,550516.6480512449
287644.66778016725,499142.22256749007
260936.79525866182,527146.4854931022
294725.91688288056,419273.33783499536
266286.865482989,540164.5776855715
292428.7360388098,470188.2202806704
274007.60056905786,464962.70147174405
267125.36937571346,541089.009644901
305539.8855891454,421240.9763525112
267668.0146440077,487079.11631674087
284135.89936280827,509165.8618069439
270716.44161309215,586006.9147027272
291640.34022648924,481301.57290952624
265013.144362861,518377.25311880815
269457.9883905252,592197.8530621977
306687.22690395353,445515.4651067639
263290.5256967536,530965.3385948011
302791.80922146677,426644.8264065269
260135.23050089707,539655.8154379452
307523.3235488752,440836.19750723336
263945.2729927657,514847.34982275125
281231.4498097959,509972.0650513492
270090.31826527265,578297.8718837299
302848.10115089867,469878.8569717539
266135.68183515064,520249.8111649608
274525.95110240753,548879.7420173158
275583.1875002467,612922.8694692047
315087.8876402438,504429.17580906505
266449.19686522364,578929.1257483076
306916.3674002211,456666.85366839234
269433.872034332,601742.2293617909
333328.2058404511,422598.40402658185
261181.08931540145,578447.9877558283
321824.1723721304,414367.53790224215
268505.36607106565,520095.2591872837
281125.0826406126,555850.1619452279
277902.6056754233,590968.822332892
297576.9597826041,498710.4450877537
264673.6877251382,553520.3171739775
289704.95445167995,477366.40601439716
267980.1202480434,513492.4991294083
268204.2846099326,573830.2014344705
303092.5234762345,449442.7788963258
265085.6492814304,538850.4483900564
311297.92254719324,440803.26135682216
263235.27173188305,547807.7228162624
313486.3646694727,426507.18985732406
265225.0987885976,560215.8638956167
295343.1507235855,446240.3938280426
260541.12871613188,463420.8752910912
260092.00195300838,530086.526441467
291462.1620087196,428159.1685160841
261695.06243947995,509322.5733960967
268228.2820251279,540732.7616262498
292075.64495373785,435698.7653613578
263701.8564926063,516886.8712756285
285517.49839234387,519654.3774603067
267464.77804218815,603524.3487639758
313672.48210494063,469227.6925771727
277741.78947645565,491571.562757964
276246.3579185561,507408.08655591053
277170.0460055089,532092.4587585321
268473.00277783,584247.7719502833
306343.17857470585,463365.2407547935
268202.28933327156,554317.9447967095
302672.29874057806,465247.2538049496
263404.70456027496,574767.3709598326
311121.47716141917,418466.063644183
266339.62725516077,520263.49924621405
285781.306537827,516743.2490049476
269422.3878000707,578126.201976204
299549.4322205681,477671.3447428442
262316.78569592844,539926.7013769884
304871.3784641118,487344.9196592759
258540.0925951571,605756.5162052811
312165.67074390786,418403.64057780226
270223.7076917746,491708.999816276
285484.5678569063,457605.91309780977
259925.43140624865,525300.4103770108
299683.55211978895,438894.65485028084
262139.84089659748,528303.392353985
292229.7026026563,426260.2945572465
267335.976803323,464584.2767209801
270209.79805583827,496538.6389177419
268712.02112391737,552406.7581355314
296160.04940066993,460235.0138109406
268200.06675253465,529930.0850196362
280182.31254277873,574932.1060464013
301568.16712340177,458166.60649384937
272484.60442741704,543456.4247323927
274482.84450946416,566972.8320588137
290031.13089074095,458882.73696879856
264523.3611018089,554455.6653775331
306093.89310552005,459700.4422282452
261725.11772973926,560021.0632199843
298476.42917544075,420806.8725668209
258886.75844241236,527872.3198206607
290716.2065491961,463274.0610592408
261772.4233988926,469741.1929660155
265996.40375947056,488076.2954745451
270527.30573214084,581823.8099060721
314404.1804168291,428599.64622894075
264643.16535535344,536288.659957561
296049.73330268916,478626.70604686515
268475.9217581581,493232.0547300006
268868.5800057019,509599.21073104965
259733.10976257198,562679.4524968752
286337.25212219375,491365.0055273266
253733.74834596427,556237.941181172
293861.3804414165,409864.6693574592
262944.1744573805,493107.8100658734
271438.6909350981,556844.7732603218
290297.30983930564,443293.9755512966
268346.0470682368,502356.8171057697
270247.01952765504,551409.8727510507
294714.3081516421,460126.4872285984
261180.74927988104,561423.209610777
294393.272272643,440129.8273038097
265509.784749899,475311.4395246614
270556.2331011446,544542.8915171705
295301.9151418193,466002.13384932315
257881.86153984495,520876.08653602155
292857.2253335763,406907.77271544916
264435.27380091505,521221.8251599329
270738.38922469283,567697.1988332041
281919.36606539675,462112.2129809707
260543.32431171066,505781.9020695032
268874.5219212597,527540.4471761303
270552.3216096385,546847.3985792756
287177.1165428357,514167.6512834566
262954.0782521523,548157.909451112
287451.32344620244,451402.14754093013
262432.679419062,547646.7160512396
298682.0272606986,444322.1044940108
256814.30646177297,535935.4161212789
290892.34927334456,460103.04530451994
251403.59408065438,513015.64370721736
285208.75029898435,413401.90760930814
270804.5628601825,472031.49834473885
278990.7128054608,532821.9169893323
273855.22942577733,556526.8802883602
302398.4443868836,413759.03843501565
261074.63852386424,552914.3433116631
320600.58490892604,383749.815228901
259699.027363242,545277.3699436443
307496.61557886365,402182.2038665025
260381.1361165425,479236.88358160073
276518.2649089142,495489.364733269
266000.6387556866,558956.1461865862
296121.4373385998,457162.65107833216
262611.761752689,548847.9830405373
308639.67581244314,429491.95104062563
255487.24328765954,513935.8937475931
303179.21153615206,412694.05760745704
263176.2806206892,504673.0687917673
280001.2732743848,481808.9788989615
264526.22740111966,552447.2008184429
295007.8587968926,453986.0472711242
262822.1228959103,559751.6896804266
303845.5280253926,464312.06745456293
260478.42991972648,561027.2987230195
307128.38601778,412610.8978848152
259259.63062445412,489868.0397759902
269084.1793913097,527953.7575953528
261149.07624094543,525050.2939411505
285450.75440481777,441714.1688266285
253285.12441831562,572348.1906834639
292465.2413326716,482814.77338410966
268379.12907633407,455615.3208108444
264381.2804137883,477270.2749929518
263437.34712562547,506481.4867408395
258590.89395488362,528118.5429109982
284850.3604096768,429487.88023111486
254922.51844586348,509750.8627801236
266262.30722942075,496631.57962949143
256266.83643088807,545288.7352003588
283137.7503138926,481924.80065567454
265345.6162563049,524542.8287344874
270276.4076100787,589235.3873032433
284959.08866722666,489190.9464405659
253305.65967397336,550095.2712119254
300181.3335413844,471052.33649191586
260161.6201707864,572762.6487033151
308901.12799275864,444212.38617669407
254418.67275829177,565388.781126021
297783.58618224785,456748.3653960609
252510.70349960454,549835.2871693528
285560.27296349546,459938.07546043565
252182.19817687862,510443.2259164208
294057.9205464146,373719.3018861781
242582.08413607717,515736.09637249133
295961.1684244886,369627.3495752227
258782.08990924113,459160.9953418962
270167.2877098589,452741.35953793145
255010.1184348625,494516.7612791025
257695.76152024075,543893.8891591378
284458.08490194846,431999.8848398416
247701.34051605337,530399.7236352881
277018.54203519656,453178.64465238247
252644.37042710785,466919.20704314724
251422.96867621684,523990.16598900757
287551.72340775,411518.1719558168
247240.20024398548,507807.44913877797
289033.39673232136,410100.84585110494
259302.9653086373,457639.3395320795
268011.07857083005,558325.6965875317
290132.1655856091,478331.7009983971
255260.45266413598,462669.8405245144
259100.14688659096,517482.1113995055
261812.37723307696,567141.1287002477
307662.6100658554,450827.9192320613
257999.28478515902,610053.7635654624
301920.9266951395,456293.45406338276
269655.5591949026,426101.5343583431
260544.81820688013,485437.9281189184
271243.03512622113,451387.69429721753
260210.3136554228,526057.1749114918
287377.62569720374,463254.0454264625
262865.6407343945,516186.8171924557
272659.94166787085,536367.1539458776
260175.5548679388,563894.1806764452
287540.1241835687,463303.1869545691
258731.53357877707,549611.2952332902
297603.5617057348,484021.92993601976
269590.35942117067,551504.4204694811
298876.5087980957,464166.04916718125
260618.09800995098,533055.4347453915
280883.46304969484,458726.5242912108
258212.65337598536,494139.35128630034
265760.1825281686,516170.6033458084
261896.90551680807,556536.5018629951
291225.29737088346,462175.93460255134
255797.37400207765,542965.2284526133
295950.8926732592,449927.2793458633
251643.4864252968,537648.0811020002
281767.11683823355,441538.68807139713
252380.6272647009,499613.6958470597
270151.69822839164,502897.6531180033
259408.46051090083,578305.2509269178
296290.2715566796,465132.3450413593
262768.10498300346,507977.3734125175
274672.14405568497,538464.7243698288
265919.68889270816,595989.1166632283
300208.6165364277,488128.14776839165
276163.3137744647,509405.36775485025
263156.39443055034,545678.2188238389
284015.95973628305,425277.1802408096
249688.7257051239,543516.4308997561
305168.2103917219,403439.3164082329
249615.26536447628,506340.00388159265
290001.739483691,406218.36109780666
253971.87115948342,518702.54137034615
298177.62433038634,372429.3425904048
259136.42529299797,453384.8163407806
273987.25515190396,490755.80732575536
260500.77125956977,534400.5085130234
278316.1281920932,438171.20750190853
245999.56329979026,525281.7662987331
293789.57577931473,380796.3964193826
254610.3179005851,465563.77583816485
260824.07601842945,498890.1816830905
267544.50233625673,528177.0786906701
255988.6012446617,594448.8055427055
287930.79438164295,475351.03479925514
260373.24540808573,458545.33218379295
257495.03590052898,509484.67435561854
254806.79922594698,553840.0943970599
279889.42760641285,433979.41987292044
256202.50920045632,501123.9396387993
274994.22868063726,517414.5289780713
259489.2563319855,614365.8526263203
303500.25792315026,513755.0134588381
264264.75551440025,491198.3628574385
259725.3022846477,509509.4468690509
260991.94857111637,544037.7429365562
281203.8111454226,475645.84873020224
259460.42237612474,514078.3169874388
264549.56566314254,538781.7123457708
274790.3588293675,477185.0023110403
256725.00569738942,551793.4159934795
286452.1456981034,500517.33525061153
260250.95929384592,536973.720509669
275849.4266930656,496133.00636792753
261233.1610945498,490154.8643381671
256567.29504508013,542488.9288649334
276521.49826198665,484163.60062705976
266727.8612996431,492499.51358978153
264595.967108041,577435.4269434512
284493.40352437407,490995.4616992114
251841.6070881998,552991.8084874869
279558.5169052055,474726.4127096975
254534.221936963,516672.7699826137
274757.9161972748,516710.03872748115
259007.16417745122,497824.58039352484
251183.66531146152,512749.218857872
276590.8019663079,483498.86855932086
255140.36224140957,566794.2960035374
285885.7965692522,435927.91394001304
241486.50475263447,519470.7112700515
280782.3304315536,387284.4179173731
252743.78177029628,481563.0850491655
254002.6726666382,544503.6426263571
282302.76639294834,409672.8442323347
255412.24665212,490914.9885454846
267664.4051254185,551046.2048137955
290978.4613124277,437139.465817801
253464.49562199638,485546.29932629946
259159.22749083754,539201.753249853
281313.74830690026,447227.7940126108
256087.72044032317,481351.51865329716
266508.16312379425,500310.7024026249
260714.99084853582,535046.7949386758
280269.8922614924,481936.79732653097
257991.75997139607,510387.8261341761
260545.03815878916,568669.3921757353
291926.4954239011,484877.8851216921
264003.5088514477,555540.3509923435
297328.3140534942,448273.7531373877
256481.44964550162,524309.8333203512
287079.2192517356,471742.57556763676
255038.34970931904,528099.351593816
290214.9185247727,429979.6280587463
255403.37912177286,525060.747240008
287455.4927566352,417339.18046311656
253226.23228768035,478361.2348414782
264245.28514768695,482854.46266723034
262223.63335639745,541151.7046088411
288273.7149996836,455769.236634575
248011.87757720004,511734.23311382806
277533.14178320253,409580.61715358536
250329.26877963217,481393.39778592036
256973.65495507605,476493.7748838914
253072.23493084786,564940.0161150874
290051.9003896953,468677.922648713
248814.81604165246,523758.9906711881
275822.35673674365,497265.83554343716
255877.44393810502,517441.8106674029
278710.4464809217,403686.97297698463
255436.47950709544,497560.90578068886
266190.47139844764,543140.1100228465
279479.3540307679,449944.75282323477
246693.10974682975,528257.960154287
291998.29217049194,398937.9289780985
252561.90738910748,499755.93415196537
260872.94130883372,548127.079301171
285100.14280801837,418503.46142758493
247304.0484509697,492841.10709827725
263896.8039520212,498306.684237524
254127.60097784118,555835.2891644977
288877.3269555232,441642.38198715413
249320.06714890347,530122.2193659993
300776.9235007151,428803.2583794356
250765.17101074202,553295.7887448965
292535.9032450086,409973.6928252754
241807.42637177985,498644.8807514068
288086.8194690983,375740.496164102
247101.15464439424,504365.07939195563
304305.32284593687,348855.316158233
243016.83962384448,491879.89868253324
289214.0889057909,363329.947193617
249224.67174785072,507646.63927153475
295132.11682236363,367333.06687267765
243372.05684721837,453879.64984001045
272191.3422513646,421504.8920904476
244123.3858475818,516193.7522938649
282687.9698927592,393686.4298900279
262595.76194706076,485474.75832956686
261011.4543336337,508981.43834234995
265413.0683857842,488325.57509731816
251573.6352600459,568580.4728579657
280428.2126698455,468886.2366142733
260867.10403577067,448811.46046528127
246243.12427568118,498190.5339851003
281012.35278905195,412501.9266873332
246147.36539854694,495661.35835660447
283053.21528111224,390687.46073665825
253425.5484207011,442821.34248729254
263861.9340122502,476466.4717429418
250801.15631247283,551848.2927264014
294783.5197815925,371524.52250015264
245916.26861624286,511407.2443097663
283983.80885532603,453597.97991087765
251698.37891440393,493622.93099471706
254954.33819698723,507056.60152877634
245803.58874939257,556428.1858768059
278661.066992461,413800.06549414847
252623.20401267635,444047.42091894714
272567.6175966811,459534.47691231035
251881.94730838653,557013.0792694945
288088.8253892377,406138.02772764245
240512.13076377884,507650.5070170599
274210.5352949682,418341.8836667312
246382.09084841394,442375.66462727945
251246.86299543307,524384.2031220153
277766.8070918112,437505.5821977324
240729.54671227685,493834.2098262995
280463.84012334666,393433.08078977355
253056.87826256317,476438.18090960063
257982.0507594047,533390.4864906591
269695.7396335112,463464.30851910345
242281.6929996588,497446.93497199385
283755.6691112743,362610.6299402372
242206.939251057,486867.2394654083
277529.5261478955,385753.1774127461
239529.36211259232,480443.5413319191
286438.52980895346,351519.5643484955
241874.26465333664,473075.29727398447
262565.0623294388,432883.3874635044
243546.1343522997,468188.5299225804
253913.10336854061,493487.1156590151
257223.96108039658,502009.7357819778
246708.92371299403,569170.7389243275
290717.8134572767,431306.23588623677
254825.22253679857,500674.0982182839
267196.3743084327,491999.03892552847
247530.96171801013,516372.62881409185
270259.05875936354,429667.43026916374
248698.0788843418,495676.75042981945
255250.31529876988,540656.7672656392
277455.79911078705,453462.7961938639
239403.40436592267,546379.3707099071
280882.34064416226,412591.24806286715
244189.29634594722,474996.0331485138
260773.6902906162,435043.50600156945
242649.65514033334,500747.3887039596
274025.29109150084,414919.17240663193
240684.8403638021,483506.5276412467
279009.7449366245,406676.2107903244
244862.34476502088,505047.3884946836
262072.43926336267,433900.14695230185
241780.06601477313,462866.390072565
249636.4156498217,487874.5458164174
254092.9104054393,476431.3334794275
264938.1670565622,526111.438591459
255042.24030824113,600221.0098114542
295135.5374041987,430475.9295085896
246009.92867385506,510207.8085947094
285766.17091706826,377256.96906427655
246804.16014310817,520852.2830032923
284558.5339703959,400775.39114705997
246942.46851503887,442976.2291357197
256888.71499616624,440793.4093861306
265514.8615600825,500965.4949854171
255439.34840840957,549580.4411283189
275798.5583354039,425203.8618533554
244183.74979867658,526185.0800750422
284600.6059183501,417059.6061722562
245008.585590982,487379.14462619985
264247.8379389984,476450.60083404306
239875.1466877814,569431.2887557696
288447.93424813123,429788.3305295106
242375.1247600184,489286.29540695326
275204.7102524852,359481.9919723207
243863.4022823765,478169.47642346466
246069.59871174663,465417.40077765466
246897.13653851842,455295.5465448072
247569.34066922337,520510.67859992303
277592.3349414115,455279.16444032185
252689.91222827707,475715.5498466853
246647.1736616462,514922.61159173225
270723.19368896855,428813.7251063976
255830.38144008777,495400.9465261162
261232.02177120966,548410.3724987176
271556.5438862259,503223.3827888941
249956.31113563842,522536.92246652144
276935.03041325195,413430.8145556547
239011.301766319,512905.4688276743
269296.43535575486,428808.44685893605
257217.50007296223,462617.61179834604
251019.8063486782,570239.49749321
298888.06168827694,391939.5459621955
245721.91121215632,481695.3417550615
275729.0691539461,382195.35040357325
248985.69338588318,500573.2457019836
294649.3700890628,445158.9598333547
252497.41124911042,515980.41777990246
269351.5964940406,414480.26310920174
256750.16366482645,431323.23260062106
252638.43510745454,535613.0355293897
297982.54581396887,386324.25500512746
241303.64120974025,487370.5265994429
278410.2013285977,373253.43631384417
245646.7190468722,503476.63054643176
287305.83748545276,362089.1231581841
240564.96515587368,473956.41202220315
264486.5542863098,417439.6464367473
236069.10238632635,517185.0191824147
278233.7152902151,416090.11466252257
244342.49436832956,480863.31831074157
256609.86481053988,475866.7366040321
251356.3147116808,508717.09893117705
267081.3475767656,462693.24061010254
243192.64773789895,548677.9905166908
286602.12463656743,423376.57327106
255038.10480513837,453410.53654648084
253304.99116919358,459545.1507900236
245127.9832832491,472015.7233911427
242120.85755947165,523271.9334684243
271559.4164343842,426417.9157265863
239762.86428605032,473531.32199550554
255570.533741763,511598.24080334895
281115.47016586113,431443.9476041615
239338.7504099135,539014.2179625859
288710.25206968776,402514.74340597464
251341.4660752855,492137.47830137314
255726.4153071593,486692.95731967245
231261.01491302034,514419.3670201101
270940.7295459832,381620.3320950981
233444.92369894643,483584.7186868286
273405.16354865464,374094.31010170846
238136.2454266781,437125.89071077516
248941.8609688654,449706.30636314896
242360.98910564493,496812.6882009105
258569.54728253713,408340.9554892754
244171.70738486722,448985.28829538246
256798.96657217914,507074.8089464054
248662.2095871266,554108.1884189252
285610.40580292896,409816.4174197931
237450.58837655338,512644.5344552884
280224.06430808385,428974.7511822692
248414.94605207906,495770.61843586486
258024.91034043182,482658.6099687608
243719.79507054324,568305.8065758854
282834.7620113005,433555.41107721266
246337.0206420831,497121.95326048305
285448.1728806375,390317.71902982926
244628.3770604591,462161.03346400184
262272.5982270105,453497.569825504
243662.99965589217,564726.6955419449
293815.8327912571,401895.20053677814
242754.0162023531,460013.5803803358
261701.97865060397,423665.79945107875
237558.67523917046,492444.1396584581
281799.8894495657,382217.47430879495
239819.9796391303,496550.12057044153
273629.5968148994,412500.00210037956
248183.1745867218,453272.2836024469
243491.16489598432,499890.48486092355
285686.95166820724,384579.20621340437
242684.41993454134,482979.6687001704
265211.11988064623,490606.2510876612
244954.36020580065,556673.0114226834
273453.2527019945,434446.51461171714
248448.9672419678,432384.58173383016
261992.9663958129,424272.525846355
246529.51164149033,498005.7369355981
281831.9723394365,351754.7251458326
238920.04793765157,490916.5456620244
276237.0026846032,383268.0380874556
239019.7958876324,461928.3373594022
256193.1131338652,436761.9581748458
246987.1406286119,491359.459457026
276000.5054697415,470614.0530616623
247633.1999550428,588320.4430398026
286684.2738507372,450626.1975329894
247793.85685853896,465892.35148217576
253662.18889168923,490866.58035067195
238978.55580277866,534632.0845131886
278390.85250430205,397257.1457587914
239561.1102043179,447200.48065960815
255006.6730846054,464994.8228909045
261796.3101503667,449285.17584864376
243825.78854926158,534245.3073147463
305351.4281564673,380919.900965086
249244.50714827687,508902.72867519286
293942.27509177884,397944.74205453123
235036.785201949,524617.2224778332
284139.041279325,377613.44808978133
246095.64948467916,467609.3607577386
258113.0960062697,477297.2323432153
254313.3046826606,513536.78738914145
264380.1236857015,487130.13880933437
235184.9119320649,549540.4470127568
268170.93763497105,437364.4316056438
246161.20691641446,461036.94640802516
253408.85118349298,439666.0055342686
242339.73542491696,512834.5451737421
278961.6438143312,396477.0396058076
240496.03300143935,480218.3145074697
266403.5894995662,469231.4417954046
239437.83458891461,564598.245344363
283198.6798501429,433972.9247715947
261645.6334394128,428569.9202900273
241994.81556729556,499382.33347472275
293653.6742722492,349293.8474814029
237049.62907966494,493003.6814416498
281481.63149902236,353660.5896498482
251892.81555548392,418595.4168693555
244396.91906879694,475644.8556516938
245258.84727327997,483079.49493488704
250431.01632380058,494332.9406914344
246357.86052568626,552620.3301272766
272236.579182239,438214.5399027564
250325.51035747625,435686.3466889916
243948.3472915772,506507.3168849539
267127.2927551764,411099.64433643356
238103.9162550294,492577.83408157947
276469.36780587153,399775.35945248685
238413.24619986914,441446.2216970668
240822.65305710738,459185.07839666284
247100.27133797313,463120.0226284739
235280.94011692787,517504.10747754446
272601.51445400773,425910.013866306
236045.88241673098,524487.1537229854
273656.6173193983,436372.71776059316
236295.69878031051,504643.2387174512
267931.88237430167,412853.40517231956
232970.83736281312,516071.21409737563
273929.02601515694,370374.1360369024
235528.7945800629,457203.7051023051
245815.88096229956,508401.5532971216
267419.9858157145,417254.6852234137
240257.25183358206,493292.24636018835
273852.42165788333,395022.98068830743
253384.54676145507,443982.62520602276
250571.65548715898,473480.9289151446
247634.21470046387,469564.99835419026
243819.19866637955,538480.8072672348
280824.6182228762,421426.8109810003
241604.59600097354,505187.93455332797
287919.62298841664,388363.3295831709
250360.83205639428,517220.7253496963
289046.152402963,395368.89925772016
239163.03978650362,464682.3330374951
250441.1439890675,518166.9609048188
275982.557542461,421484.0313036938
237338.9649226637,530823.9515336079
294500.32942024193,363316.8440720099
237026.4212936289,481920.84575636726
276934.26977346116,324497.93727937725
255898.51716248022,385518.26142659446
242553.88937507136,434229.1403692584
254256.28078510254,407332.6002769041
236284.29441802693,504949.9438310926
281816.59282459697,372722.1669607129
228410.30271461353,510245.64331469533
280354.18359495257,391936.62708769453
233026.40679109606,479498.79476611613
250960.38710147672,414432.91219885455
247305.24885374543,392663.0903799504
231707.77824686107,455330.98136845976
247858.35192793878,457133.01327424275
246747.6550664797,498536.4024578371
265093.87615837203,475319.4238492124
265815.0729730712,441307.4990397558
233671.33061266178,564517.4504731455
287362.20292843494,399493.698050619
238514.48270103923,487192.97751318396
283932.779472117,361622.5339431072
242459.37377148424,428487.3069757955
248522.7506597095,429617.82679274963
255316.1473488249,481202.49581966293
249106.29945152774,510173.05828312004
267402.47070547694,413113.117032432
238820.6673233782,473477.3707382863
251921.35187434818,478326.22042307165
244734.18678214212,540158.8522940343
275219.2366713148,451012.57561092393
243917.99799019468,517390.64677323896
268670.09561754717,433567.8860258158
243166.894584859,477092.95813461003
262848.9287679135,468363.3955724504
254232.49569162942,560571.5155266224
287812.9965738128,461485.8326450703
245119.0301802071,549037.7439908796
282098.25478851405,450033.5140370113
263408.34366065037,443310.19040386955
248646.84647234445,523896.62174394354
273375.09589921264,398667.0769447807
239428.66045339833,427709.142577695
249427.33212878444,494361.74273642903
263308.0292290376,461832.0916025685
236466.21253199928,526761.5989028112
274533.1563563838,425931.38946551783
245208.45653658616,538699.3864265148
289664.05530555925,419911.3844733952
234360.3870713057,490598.6262363333
277846.31446353305,385382.9805317486
234714.96959489418,523370.6034400054
284091.24922709935,409053.83943070297
244901.44282885332,461775.5973659892
248997.41919664058,453982.07024745643
251802.61048602988,509960.6581164048
270802.28522721713,456896.0596567765
242304.19991697156,472970.4665065051
247522.70408238814,514081.37447198416
280505.29368388886,467892.2831275924
249634.49220602724,499395.64409595606
275802.6771313445,415438.6383365831
252493.43023748574,479615.14021070115
254698.0188277338,522627.891495405
283010.1931483554,434424.6153140647
239698.17003376078,519768.8109300423
288173.6101692365,401209.67863751506
259031.15672579114,492031.0634346197
257884.81591777928,526072.0053609334
284361.38503873954,412423.2454853187
235849.88487614144,501269.13273109024
279392.8735723561,426137.6651914842
235755.33847867945,516293.6113959684
257184.87578441104,465470.1624135681
233096.87312041756,498304.8671696899
265594.01383897266,337234.274558867
234346.61025352488,479713.0554186872
278337.6498625554,392700.45982354746
239794.47150072578,428795.29385047144
244774.42477918524,449963.3386585999
234345.03208186576,505454.87476203503
265349.9202542892,385149.44440463616
233250.84114164044,442333.81863658957
251755.08216279992,438089.13611929177
235777.1761751525,541046.8920956587
279266.91743580566,396307.57174731256
234972.62086916377,452777.0763221941
239317.5348818519,454562.0828284331
239287.88396796086,488893.7341896915
251133.26079870094,413846.22708794475
235833.12137506143,451465.37161332375
250551.92356877634,482042.5038840927
249842.2252215063,516300.30260938
266702.7283104362,468749.50378779543
240954.96200358402,504947.5439404105
253591.17864498624,443528.9665439662
229797.38352155726,487367.8207209425
262979.1935338234,413989.04739916837
248044.98496341877,481434.10045610304
258432.0731504644,489477.87819333555
246114.05077945304,541582.7629792708
279225.37884858117,422046.90301106294
241260.3949440164,519661.5366034373
272058.0436075188,452358.1438081309
244741.44642271334,516083.89933960885
279584.4873444966,417229.26258738106
243025.49555105742,494578.6366718806
260417.6239169675,432967.5083790318
248694.24189413388,459735.71945229464
241218.7005839991,496763.39069041715
264031.66796199116,417737.1643187102
245477.97421799405,455599.84868300793
243688.5711036833,501229.200279853
266847.7087807236,421806.0815387565
241094.6326505027,489257.24807336956
291688.6576817895,369940.12286060146
245200.31540704804,495665.42450441606
277232.1574691525,392017.14497129427
236827.4879427985,469387.219543321
253111.57223820224,478550.3703427257
232047.78968642914,574246.1680086225
269535.797575891,440951.1467751995
248155.42605162482,427841.52360341
249609.2877426161,452187.6600495925
250703.2267721574,476328.4625247403
257035.30005198877,494014.7519936552
252831.7546296048,568327.2679854556
284497.4793763255,430640.4415964263
251572.81911244587,454489.86224919773
245269.3276269245,488581.56235297973
247535.59530194837,479486.84953739104
253651.91759540132,508487.29201111017
264104.3467006368,478353.95884703955
241208.7120615347,502062.1648601986
257534.29646709847,450011.2971506474
245841.48015137954,502893.8129337632
265869.00790703634,426127.37795747817
237008.42134863214,460185.1054436206
243555.6313553707,507342.63633463165
258412.03169447064,462934.2481993203
232126.83837834495,515112.9641804176
275114.15317112923,379357.8208404356
237507.9584048825,483175.310709159
270529.92622185894,390941.4581870296
244024.7720133187,448746.88414905226
256550.9053502959,439356.786350201
247907.73455211037,540377.8531076584
293109.7117805631,405620.92870080913
239009.1019263098,488613.2571531432
273382.14663267124,444712.90173702524
240477.36348663163,518249.41818042984
269208.42427488434,377814.4995153846
233578.44706068607,462547.0484630044
257831.7469392804,448084.69849513035
240655.86785818674,500860.51101738855
262980.7963358322,409306.33842925215
246280.44755664413,506388.7393223489
287720.2913086957,428607.40557540575
254168.19432725455,486552.82691170153
250662.68751877433,518227.8143408392
277145.55726265674,407018.15055263386
235120.32055144725,501510.6290415922
276455.30035806674,394564.18620145787
237874.63096472833,489454.3111399035
285130.0633161931,352904.2471361264
234503.70486891753,476914.78567848157
272785.4834632872,353130.43806524127
227489.87046006788,454995.07981381274
251243.7697822884,408355.40637366154
235376.95029847178,431050.1296253884
229089.60878283312,462818.8299466793
270325.53617702133,366187.9965167587
234552.3933310325,484471.20073978486
255096.61371530287,401339.3473379675
237991.98876807856,442531.89132343663
238596.40742364558,435932.2418416399
228487.50237017896,485918.79156134103
261668.0748248665,429613.222864621
240245.18139626083,478695.7008873984
252040.17448896196,460035.38949032966
236052.84689173472,515328.9013621703
266982.393048966,486016.407921502
232461.4882674723,550263.5460470865
268745.5483291172,408534.1260172305
243341.55001188946,446952.744240323
256117.41019596055,374163.7168204583
227884.99309072047,493836.2624918446
278470.74026667903,423057.3714718557
250869.92258313377,473795.1397100094
256552.7217284183,469108.3332452709
248506.1331647065,522744.83466878685
286652.62538375426,412309.6193159633
246732.62146845742,482983.40475426527
255734.11812142216,457953.35402933846
248441.23705272915,527273.2161008238
290573.2032014769,427315.96702608676
244805.84507161024,567351.0306953432
305784.24152053334,376915.45713254355
242681.12036203212,489257.75304772495
280752.64071523293,419155.2555926439
247621.63758549732,452005.5670001586
250673.26506798837,426724.7856476304
241341.93693890504,497758.45650791156
278290.7346897884,374529.3674103122
243497.38592906753,456167.8162304709
253603.97709544573,503281.0527302821
242165.38585466554,525656.5659160969
262311.1900720754,407602.685778616
228967.4312491731,474657.74443150096
258120.32671740558,404523.27280958777
229124.5088932429,496692.70489423425
252698.06916062348,426718.15133693966
235888.3972249726,470271.12619127124
243095.5650085289,495265.4590116342
266910.4010320991,365465.3663970531
231487.6613249114,481922.02489268815
277765.06605337694,359454.7903379703
232814.11759953605,476928.3168038052
272902.0692712541,381208.2484743589
230314.6694371035,477302.58613045875
240859.44517874037,423607.5517509965
229618.6780099071,416399.9792710049
246240.57795523125,406717.6147374225
232521.7544609249,488541.43001236155
260354.71093734732,422154.1299594126
239054.71434742148,427291.747037717
246046.83729653442,469090.1172167775
240784.00643757422,544272.868222662
267447.99912066595,400410.91374458605
239526.04984112195,415290.14908825886
242232.27457373787,448559.73049936094
247862.16184703514,452671.8499555467
235629.0339024161,523697.7910529047
266022.40198748955,433331.36606921395
237721.2201319448,482172.50821081415
260276.51288242426,416389.5657658169
243572.04736951122,474355.7578543277
240581.87251051347,520497.76660133956
270868.07603313535,389425.4322603467
231211.03485371772,496569.7334980592
270048.1942767963,389156.0256471527
231241.32664802205,447894.0603330287
249884.71388113464,476498.0408356598
241679.50916215152,519238.2185933863
268307.4578088154,440175.1865719411
240696.95323623737,511577.9248607672
263578.3830149162,422575.4572815103
231353.64173889233,501182.6970406022
268344.97760409885,376115.26739064074
